21.440492
27.040018
16.616620
6.892797
2.735533
8.597717
6.527293
13.680219
30.600151
70.422050
23.134521
1.015144
17.321435
40.162874
15.310454
34.228535
31.093991
78.769195
28.285279
12.837603
5.855662
16.036320
6.966236
23.416150
4.112230
96.289632
37.868930
20.505020
49.812800
26.018085
14.539586
2.572881
17.072167
13.146166
6.397435
9.442811
10.228862
4.673245
9.191127
5.059427
13.829637
1.144035
12.735920
11.402029
12.816462
9.129421
8.395732
18.486452
6.440985
12.011997
6.630198
11.733971
16.140135
19.013893
8.319233
22.106584
11.035122
24.272243
17.536990
6.854524
6.072833
1.701600
5.373408
15.686497
6.625505
9.045368
44.593612
7.130192
7.194510
30.074917
4.950509
4.779741
6.846402
15.874196
10.903669
9.683608
8.292794
7.458000
6.072418
5.191248
7.277231
7.863256
3.784711
1.376042
16.053920
7.087097
2.589888
3.678680
11.288167
69.846650
29.647306
17.700907
9.072335
6.824849
10.447928
20.799599
26.620486
48.411785
17.670640
9.252407
12.037220
15.673669
14.002428
8.374420
8.700192
5.412738
9.672382
16.409890
20.476758
42.151113
19.779542
9.377670
13.658764
8.130764
5.829938
3.471782
5.960154
3.242471
7.811055
8.821455
7.276167
6.191866
11.142498
9.609844
2.141134
6.498224
6.854209
2.976593
11.479745
1.524142
4.475638
9.611103
12.123475
2.640927
6.536740
9.715584
13.612510
5.189043
10.042353
5.032441
10.283076
9.327546
4.391426
